
strategic_region={
	id=223
	name="STRATEGICREGION_223"
	provinces={
		227 298 326 338 339 353 365 393 410 426 432 433 449 452 464 468 470 477 481 483 484 487 497 498 499 500 508 509 518 520 533 544 545 554 566 576 578 579 615 618 666 670 683 685 700 712 714 728 731 742 745 748 757 759 775 1210 1220 1247 1254 1290 1314 1318 1350 1371 1378 1429 1450 1455 3216 3265 3304 3316 3330 3343 3357 3385 3404 3406 3413 3417 3426 3431 3435 3439 3443 3459 3461 3464 3465 3467 3475 3477 3478 3486 3487 3489 3490 3502 3503 3505 3515 3517 3518 3519 3529 3538 3539 3540 3551 3555 3563 3578 3582 3587 3597 3618 3622 3667 3668 3672 3682 3698 3711 3726 3746 3748 3774 3777 3779 4227 4254 4294 4300 4303 4322 4324 4351 4374 4376 4394 4463 6275 6328 6339 6366 6379 6404 6417 6424 6430 6450 6454 6463 6468 6473 6479 6486 6490 6491 6492 6498 6502 6503 6506 6514 6515 6516 6523 6525 6527 6528 6539 6541 6544 6551 6563 6564 6566 6574 6575 6588 6601 6602 6615 6620 6674 6689 6692 6701 6702 6718 6721 6730 6733 6748 6750 6753 6758 6760 6765 6791 6794 6796 7243 7313 7322 7337 7341 7343 7354 7370 7410 7438 7554 7624 9243 9271 9299 9326 9337 9352 9365 9391 9415 9420 9426 9432 9436 9440 9442 9445 9447 9453 9455 9459 9460 9462 9464 9469 9473 9474 9475 9487 9488 9502 9504 9513 9516 9526 9528 9530 9538 9540 9549 9564 9565 9577 9581 9592 9594 9628 9632 9645 9647 9649 9663 9674 9688 9705 9707 9720 9722 9726 9735 9739 9742 9753 10131 10164 10253 10264 10299 11225 11256 11281 11308 11321 11348 11377 11395 11400 11403 11408 11416 11421 11423 11429 11433 11442 11447 11449 11451 11455 11457 11458 11459 11460 11469 11472 11473 11474 11476 11480 11482 11484 11485 11501 11510 11512 11523 11524 11527 11537 11538 11551 11552 11555 11566 11578 11579 11591 11609 11614 11632 11633 11647 11661 11664 11678 11690 11693 11694 11696 11706 11724 11727 11736 12108 12128 12179 12227 12235 12242 12254 12270 12294 12298 
	}
	weather={
	}
}
